$ANSIBLE_VAULT;1.1;AES256
38373966313764333734323665313966353732383337333662616565306530383538646332373636
3834376162356539373561353739323435313337313563340a633736363339396536303464383436
62626531323665316166326531333564353361323737666637656366303761616239303932653464
6264363965623330300a396634303563303665393961653361373662363638383762643335623862
31636265356338613863633863663133343732356663666563323039363639333664393433396235
35343365623531306334376130663531393663363638393230336561303862336236396437323464
39383731663264646264383837616637613163666630363231663439663036326535643137326434
30653130643264386362666464383661343763636634636365613233666333393630383538316565
30393837386433353132323033323566393031643162646630383065313730633366303465333664
38363539666238333735613930346132383062666133383265653437643032303138363566323931
63653766306335383364366463336439393261313134396133656165633366386535306265653563
63666561303735633265366631353238386165633038346564386363653831363333366233343938
39613539646265623163386664623837623030363564313436636439313334616232623636393633
64363534393261343436343664303433623334343564623966396338616431623932386635613262
66353233356365303437666333316365616631393636383534383334343364383936326165366661
37623764316238333363356338306166326666323636313138356639396134323463303064633336
62363965633936363865363834613137376561626562316334646164653631666466376139646532
63643030393835343139336630333036376566643438383234373363336634636537643639613262
62646236613831616365653331306261363036656538623831333131336137633834356332313239
39666366393739316461383031396465366664336565383661623663613334383939326465363261
32323537313239346565366433313135363933373934343864636333396166626337386361343363
62346463643933623333346363623865636530633665613330616334376531643938373466653430
34313738363133306430323366633132653762616162616262636536623964393464303666336331
30643961386535323331633832656364663730333838373035653866323131323839643065613265
3261
